c: 0
t: 0
b: 1674
b: 1674
d: 418
b: 1674
e: 209
b: 1674
f: 52
g: 245
e: 209
f: 52
h: 16
i: 65519
j: 229
k: 487
d: 418
j: 229
l: 160
m: 65375
n: 327
o: 1999
b: 1674
n: 327
p: 2
q: 65533
r: 1997
s: 1
u: 1
ao: 2
b: 1674
v: 837
s: 1
w: 32768
x: 33605
x: 33605
y: 8401
x: 33605
z: 4200
x: 33605
aa: 1050
ab: 5242
z: 4200
aa: 1050
ac: 8
ad: 65527
ae: 5234
af: 13555
y: 8401
ae: 5234
ag: 80
ah: 65455
ai: 13475
aj: 47079
x: 33605
ai: 13475
ak: 1
al: 65534
am: 47078
an: 0
ap: 2
bj: 4
x: 33605
aq: 16802
an: 0
ar: 0
as: 16802
as: 16802
at: 4200
as: 16802
au: 2100
as: 16802
av: 525
aw: 2621
au: 2100
av: 525
ax: 4
ay: 65531
az: 2617
ba: 6777
at: 4200
az: 2617
bb: 40
bc: 65495
bd: 6737
be: 23539
as: 16802
bd: 6737
bf: 0
bg: 65535
bh: 23539
bi: 1
bk: 5
ce: 10
as: 16802
bl: 8401
bi: 1
bm: 32768
bn: 41169
bn: 41169
bo: 10292
bn: 41169
bp: 5146
bn: 41169
bq: 1286
br: 5406
bp: 5146
bq: 1286
bs: 1026
bt: 64509
bu: 4380
bv: 14652
bo: 10292
bu: 4380
bw: 20
bx: 65515
by: 14632
bz: 47609
bn: 41169
by: 14632
ca: 8192
cb: 57343
cc: 39417
cd: 1
cf: 11
cz: 22
bn: 41169
cg: 20584
cd: 1
ch: 32768
ci: 53352
ci: 53352
cj: 13338
ci: 53352
ck: 6669
ci: 53352
cl: 1667
cm: 7823
ck: 6669
cl: 1667
cn: 513
co: 65022
cp: 7310
cq: 15518
cj: 13338
cp: 7310
cr: 5130
cs: 60405
ct: 10388
cu: 63740
ci: 53352
ct: 10388
cv: 0
cw: 65535
cx: 63740
cy: 0
da: 22
du: 44
ci: 53352
db: 26676
cy: 0
dc: 0
dd: 26676
dd: 26676
de: 6669
dd: 26676
df: 3334
dd: 26676
dg: 833
dh: 3911
df: 3334
dg: 833
di: 256
dj: 65279
dk: 3655
dl: 7759
de: 6669
dk: 3655
dm: 2565
dn: 62970
do: 5194
dp: 31870
dd: 26676
do: 5194
dq: 0
dr: 65535
ds: 31870
dt: 0
dv: 44
ep: 88
dd: 26676
dw: 13338
dt: 0
dx: 0
dy: 13338
dy: 13338
dz: 3334
dy: 13338
ea: 1667
dy: 13338
eb: 416
ec: 1955
ea: 1667
eb: 416
ed: 128
ee: 65407
ef: 1827
eg: 3879
dz: 3334
ef: 1827
eh: 1282
ei: 64253
ej: 2597
ek: 15935
dy: 13338
ej: 2597
el: 0
em: 65535
en: 15935
eo: 1
eq: 89
fk: 178
dy: 13338
er: 6669
eo: 1
es: 32768
et: 39437
et: 39437
eu: 9859
et: 39437
ev: 4929
et: 39437
ew: 1232
ex: 6097
ev: 4929
ew: 1232
ey: 64
ez: 65471
fa: 6033
fb: 14227
eu: 9859
fa: 6033
fc: 1665
fd: 63870
fe: 12562
ff: 47903
et: 39437
fe: 12562
fg: 4096
fh: 61439
fi: 43807
fj: 1
fl: 179
gf: 358
et: 39437
fm: 19718
fj: 1
fn: 32768
fo: 52486
fo: 52486
fp: 13121
fo: 52486
fq: 6560
fo: 52486
fr: 1640
fs: 8168
fq: 6560
fr: 1640
ft: 32
fu: 65503
fv: 8136
fw: 16329
fp: 13121
fv: 8136
fx: 4928
fy: 60607
fz: 11401
ga: 60815
fo: 52486
fz: 11401
gb: 3072
gc: 62463
gd: 57743
ge: 1
gg: 359
ha: 718
fo: 52486
gh: 26243
ge: 1
gi: 32768
gj: 59011
gj: 59011
gk: 14752
gj: 59011
gl: 7376
gj: 59011
gm: 1844
gn: 8180
gl: 7376
gm: 1844
go: 1040
gp: 64495
gq: 7140
gr: 15332
gk: 14752
gq: 7140
gs: 6560
gt: 58975
gu: 8772
gv: 59079
gj: 59011
gu: 8772
gw: 8704
gx: 56831
gy: 50375
gz: 1
hb: 719
hv: 1438
gj: 59011
hc: 29505
gz: 1
hd: 32768
he: 62273
he: 62273
hf: 15568
he: 62273
hg: 7784
he: 62273
hh: 1946
hi: 8186
hg: 7784
hh: 1946
hj: 1544
hk: 63991
hl: 6642
hm: 15858
hf: 15568
hl: 6642
hn: 6352
ho: 59183
hp: 9506
hq: 63331
he: 62273
hp: 9506
hr: 8448
hs: 57087
ht: 54883
hu: 1
hw: 1439
iq: 2878
he: 62273
hx: 31136
hu: 1
hy: 32768
hz: 63904
hz: 63904
ia: 15976
hz: 63904
ib: 7988
hz: 63904
ic: 1997
id: 8189
ib: 7988
ic: 1997
ie: 1796
if: 63739
ig: 6393
ih: 16121
ia: 15976
ig: 6393
ii: 6248
ij: 59287
ik: 9873
il: 65457
hz: 63904
ik: 9873
im: 8320
in: 57215
io: 57137
ip: 1
ir: 2879
jl: 5758
hz: 63904
is: 31952
ip: 1
it: 32768
iu: 64720
iu: 64720
iv: 16180
iu: 64720
iw: 8090
iu: 64720
ix: 2022
iy: 8190
iw: 8090
ix: 2022
iz: 1922
ja: 63613
jb: 6268
jc: 16252
iv: 16180
jb: 6268
jd: 6196
je: 59339
jf: 10056
jg: 65496
iu: 64720
jf: 10056
jh: 9280
ji: 56255
jj: 56216
jk: 0
jm: 5758
kg: 11516
iu: 64720
jn: 32360
jk: 0
jo: 0
jp: 32360
jp: 32360
jq: 8090
jp: 32360
jr: 4045
jp: 32360
js: 1011
jt: 4095
jr: 4045
js: 1011
ju: 961
jv: 64574
jw: 3134
jx: 8126
jq: 8090
jw: 3134
jy: 3098
jz: 62437
ka: 5028
kb: 32748
jp: 32360
ka: 5028
kc: 4640
kd: 60895
ke: 28108
kf: 0
kh: 11516
lb: 23032
jp: 32360
ki: 16180
kf: 0
kj: 0
kk: 16180
kk: 16180
kl: 4045
kk: 16180
km: 2022
kk: 16180
kn: 505
ko: 2047
km: 2022
kn: 505
kp: 480
kq: 65055
kr: 1567
ks: 4063
kl: 4045
kr: 1567
kt: 1549
ku: 63986
kv: 2514
kw: 16374
kk: 16180
kv: 2514
kx: 2320
ky: 63215
kz: 14054
la: 0
lc: 23032
lw: 46064
kk: 16180
ld: 8090
la: 0
le: 0
lf: 8090
lf: 8090
lg: 2022
lf: 8090
lh: 1011
lf: 8090
li: 252
lj: 1023
lh: 1011
li: 252
lk: 240
ll: 65295
lm: 783
ln: 2031
lg: 2022
lm: 783
lo: 774
lp: 64761
lq: 1257
lr: 8187
lf: 8090
lq: 1257
ls: 1160
lt: 64375
lu: 7027
lv: 1
lx: 46065
a: 46065
46065
